
%%%% solutions for simulation %%%%%%

%% system parameters
clear all
close all

x0=[-0.5*pi;0.1*pi;0.5];
x01=[-0.5*pi;0.1*pi;0.5];

tao_1=1.5;
tao_2=2;
tao_3=4;


gamma=3.5;



%%%_______________

l=2.8;
L=5.5;
v=-1.0;
tba=2.0;
t0=0.5;
c=10*t0/pi;
a=0.7;

A1=[-a*v*tba/(L*t0), 0, 0;a*v*tba/(L*t0), 0, 0;a*v*v*tba*tba/(2*L*t0), v*tba/t0, 0];

A2=[-a*v*tba/(L*t0), 0, 0;a*v*tba/(L*t0), 0, 0;a*c*v*v*tba*tba/(2*L*t0), c*v*tba/t0, 0];

A_tao_1=[-(1-a)*v*tba/(L*t0), 0, 0;(1-a)*v*tba/(L*t0), 0, 0;(1-a)*v*v*tba*tba/(2*L*t0), 0, 0;];

A_tao_2=[-(1-a)*v*tba/(L*t0), 0, 0;(1-a)*v*tba/(L*t0), 0, 0;(1-a)*c*v*v*tba*tba/(2*L*t0), 0, 0;];

B1=[v*tba/(l*t0);0;0];

B2=B1;

Bw1=[0.1;0.1;0.1];
Bw2=[0.1;0.1;0.1];
 
C1=[4.9 -2 0.04];
C2=[4.9 -2 0.04];

C_tao_1=[0 0 0];
C_tao_2=[0 0 0];
 
E1=[0.1 0 0];
E2=[0.1 0 0];

E_tao_1=[0.1 0 0];
E_tao_2=[0.1 0 0];

%% H infinity controller gains


% 
% Lamda1=2.9954;
% 
% 
% L1=[0.2840;-2.2980;0.6900];
% L2=[0.5558;0.6901;2.0958];
% 
% 
% K1=[2.6423  -0.9408  0.0449];
% K2=[1.5019  -0.2945  0.0190];
% 
% X1=[5.0699    0.4684    1.4958;
%     0.4684    2.1877   13.1582;
%     1.4958   13.1582  194.7985];
% 
% 
% X2=[9.0789    2.0029   -2.9821;
%     2.0029   11.7592    9.0213;
%    -2.9821    9.0213  390.8613];
% 

%%
% Dissipative control gain

% Lamda1=2.6827;
% 
% 
% L1=[0.0357;-0.2144; 0.0619];
% L2=[0.0585;0.0439;0.1866];
% 
% K1=[2.1934   -0.9936    0.0386];
% K2=[1.2019   -0.2903    0.0234];
% 
% X1=[0.5616    0.0566    0.2188;
%     0.0566    0.1901    1.0918;
%     0.2188    1.0918   16.8943];
% 
% X2=[1.0444    0.2190   -0.4582;
%     0.2190    1.0612    0.7508;
%    -0.4582    0.7508   34.8056];
% 
% Y1=[1.1840   -0.0226    0.0476];
% Y2=[1.1810   -0.0273    0.0469];


% %L2-L_infinity control gain
 
Lamda1=3.1322;


L1=[0.3658;-2.4454;0.6900];
L2=[0.6258;0.5985;2.1471];


K1=[2.3490   -1.0090    0.0456];
K2=[1.2632   -0.2942    0.0222];



X1=[6.0291    0.6161    2.2058;
    0.6161    2.3197   13.9103;
    2.2058   13.9103  204.9108];

X2=[11.4311    2.4797   -4.6918;
    2.4797   12.4190    9.2942;
   -4.6918    9.2942  412.2757];

Y1=[13.6411   -0.2593    0.4859];
Y2=[13.6062   -0.3149    0.4777];
